{
  "advancedEditorSelectedIdentifier" : "ProjectBrowser",
  "openSceneRelativePaths" : [
    "Garden.usda",
    "Bird_With_Audio.usda"
  ],
  "recentIdentifiers" : {
    "83E8C50C-185D-4931-96B5-999CE31B39E0" : [

    ]
  },
  "sceneCameraHistory" : {
    "6DC8E0C6-BC5B-4E5F-95B8-ABEDD8327440" : [
      {
        "date" : 741172933.54966,
        "title" : "Untitled",
        "transform" : [
          0.99999994,
          0,
          -0,
          0,
          -0,
          0.8660254,
          -0.49999994,
          0,
          0,
          0.49999994,
          0.8660254,
          0,
          0,
          0.22511901,
          0.38991758,
          1
        ]
      }
    ],
    "71C3F47E-8F74-4865-A2E5-6B3E72FEE282" : [
      {
        "date" : 741170297.10098,
        "title" : "Untitled",
        "transform" : [
          1,
          0,
          0,
          0,
          0,
          0.8671466,
          -0.49805307,
          0,
          0,
          0.49805307,
          0.8671466,
          0,
          -5.9797297,
          12.282756,
          20.338066,
          1
        ]
      },
      {
        "date" : 741170294.969665,
        "title" : "Untitled",
        "transform" : [
          1,
          0,
          -0,
          0,
          -0,
          0.8671466,
          -0.49805307,
          0,
          0,
          0.49805307,
          0.8671466,
          0,
          -4.1001563,
          9.745344,
          21.79545,
          1
        ]
      }
    ],
    "83E8C50C-185D-4931-96B5-999CE31B39E0" : [
      {
        "date" : 741170595.122425,
        "title" : "Untitled",
        "transform" : [
          0.9481933,
          -9.2352124e-08,
          -0.31769377,
          0,
          -0.09376293,
          0.9554551,
          -0.27984646,
          0,
          0.3035422,
          0.29513645,
          0.90595627,
          0,
          1.8279268,
          2.793149,
          5.691092,
          1
        ]
      },
      {
        "date" : 741170590.942815,
        "title" : "Untitled",
        "transform" : [
          0.9484935,
          -9.2352124e-08,
          -0.3167966,
          0,
          -0.09349814,
          0.9554551,
          -0.27993503,
          0,
          0.302685,
          0.29513645,
          0.906243,
          0,
          1.0452108,
          2.0351481,
          3.3652906,
          1
        ]
      },
      {
        "date" : 741170589.04613,
        "title" : "Untitled",
        "transform" : [
          0.9484935,
          -9.2352124e-08,
          -0.3167966,
          0,
          -0.09349814,
          0.9554551,
          -0.27993503,
          0,
          0.302685,
          0.29513645,
          0.906243,
          0,
          3.4086475,
          3.2473779,
          2.1811156,
          1
        ]
      },
      {
        "date" : 741170564.913502,
        "title" : "Untitled",
        "transform" : [
          0.9484935,
          -9.2352124e-08,
          -0.3167966,
          0,
          -0.09349814,
          0.9554551,
          -0.27993503,
          0,
          0.302685,
          0.29513645,
          0.906243,
          0,
          4.2935824,
          3.149386,
          1.9174603,
          1
        ]
      },
      {
        "date" : 741170535.160317,
        "title" : "Untitled",
        "transform" : [
          0.9484935,
          -9.2352124e-08,
          -0.3167966,
          0,
          -0.09349814,
          0.9554551,
          -0.27993503,
          0,
          0.302685,
          0.29513645,
          0.906243,
          0,
          10.175703,
          10.745555,
          13.103191,
          1
        ]
      },
      {
        "date" : 741170529.19225,
        "title" : "Untitled",
        "transform" : [
          0.9484935,
          -9.2352124e-08,
          -0.3167966,
          0,
          -0.09349814,
          0.9554551,
          -0.27993503,
          0,
          0.302685,
          0.29513645,
          0.906243,
          0,
          7.9259777,
          13.086013,
          13.092388,
          1
        ]
      },
      {
        "date" : 741170505.274538,
        "title" : "Untitled",
        "transform" : [
          0.9484935,
          -9.2352124e-08,
          -0.3167966,
          0,
          -0.09349814,
          0.9554551,
          -0.27993503,
          0,
          0.302685,
          0.29513645,
          0.906243,
          0,
          8.492462,
          7.785596,
          14.629364,
          1
        ]
      },
      {
        "date" : 741170377.400982,
        "title" : "Untitled",
        "transform" : [
          0.9484935,
          -9.2352124e-08,
          -0.3167966,
          0,
          -0.09349814,
          0.9554551,
          -0.27993503,
          0,
          0.302685,
          0.29513645,
          0.906243,
          0,
          0.9307241,
          8.228028,
          17.010897,
          1
        ]
      },
      {
        "date" : 741170350.234104,
        "title" : "Untitled",
        "transform" : [
          0.9484935,
          -9.2352124e-08,
          -0.3167966,
          0,
          -0.09349814,
          0.9554551,
          -0.27993503,
          0,
          0.302685,
          0.29513645,
          0.906243,
          0,
          4.197088,
          13.095309,
          29.729404,
          1
        ]
      },
      {
        "date" : 741170336.600669,
        "title" : "Untitled",
        "transform" : [
          0.9484935,
          -9.2352124e-08,
          -0.3167966,
          0,
          -0.09349814,
          0.9554551,
          -0.27993503,
          0,
          0.302685,
          0.29513645,
          0.906243,
          0,
          1.2783867,
          3.988687,
          9.055249,
          1
        ]
      }
    ],
    "A30D9D04-DC1B-4C68-BE60-ED591A59AEE8" : [
      {
        "date" : 741170284.325841,
        "title" : "Untitled",
        "transform" : [
          1,
          0,
          0,
          0,
          0,
          0.8660053,
          -0.50003487,
          0,
          0,
          0.50003487,
          0.8660053,
          0,
          3.1256952,
          15.016544,
          21.857365,
          1
        ]
      },
      {
        "date" : 741170280.938758,
        "title" : "Untitled",
        "transform" : [
          1,
          0,
          -0,
          0,
          -0,
          0.8660053,
          -0.50003487,
          0,
          0,
          0.50003487,
          0.8660053,
          0,
          0.07419586,
          11.878937,
          23.669037,
          1
        ]
      },
      {
        "date" : 741170276.437454,
        "title" : "Untitled",
        "transform" : [
          1,
          0,
          -0,
          0,
          -0,
          0.8660053,
          -0.5000348,
          0,
          0,
          0.5000348,
          0.8660053,
          0,
          -7.629393e-06,
          214.02927,
          330.058,
          1
        ]
      },
      {
        "date" : 741170275.100006,
        "title" : "Untitled",
        "transform" : [
          0.99999994,
          0,
          -0,
          0,
          -0,
          0.8660254,
          -0.49999994,
          0,
          0,
          0.49999994,
          0.8660254,
          0,
          0,
          0.15021108,
          0.26017326,
          1
        ]
      }
    ]
  },
  "selectedSceneRelativePath" : "Bird_With_Audio.usda"
}